Age,Length,Release of length,Time(d),Length of change
0.137,3.551,NA,NA,NA
0.274,4.354,3.551,50,0.803
0.411,6.335,4.354,50,1.981
0.821,10.267,6.335,150,3.932
1.862,19.281,10.267,380,9.014
2.409,24.241,19.281,200,4.959
3.778,32.67,24.241,500,8.43
4.819,38.142,32.67,380,5.471
5.859,41.907,38.142,380,3.765
7.228,45.958,41.907,500,4.051
8.597,49.478,45.958,500,3.519
9.144,50.991,49.478,200,1.513
10.513,51.741,50.991,500,0.75
11.882,54.875,51.741,500,3.133
12.43,55.938,54.875,200,1.064
