list(N=5.00000E+01, y=c(6.20366E+00, 7.66101E+00, 4.43542E+00, 5.65771E-01, 2.19104E+00, 1.90701E+00, 1.12520E+00, 5.81667E+00, -1.78945E+00, 6.46546E+00, 6.45661E+00, -1.79449E+00, 5.55797E+00, 1.27209E+01, 7.71138E-01, 6.37962E+00, -1.28807E-01, 7.44285E+00, 3.99930E+00, 9.60766E+00, -2.83588E+00, 2.79481E+00, 8.92299E-01, 2.21094E+00, 4.81685E-01, -3.35374E-01, 5.31489E+00, -1.35032E+00, 8.93612E+00, -1.74483E+00, 3.40432E+00, 5.13196E+00, 5.34694E+00, 1.79301E+00, 3.31801E+00, 6.84506E+00, -2.82586E+00, -1.26959E-01, 4.28161E+00, 1.22087E+00, 8.48002E+00, 5.69302E+00, 3.28867E+00, -3.03103E+00, 3.10440E+00, 1.73434E+00, 2.59061E+00, -1.72624E+00, 4.99463E+00, -1.15583E+00), x=c(4.61217E-01, 7.92738E-01, 5.85566E-01, 3.94759E-01, 8.11237E-01, 3.18563E-01, 5.81447E-01, 4.55489E-01, 2.68803E-01, 5.55177E-01, 2.31231E-01, 5.43233E-01, 4.47570E-01, 1.30288E-01, 6.21726E-01, 5.47994E-01, 1.49244E-01, 5.59546E-01, 4.26886E-01, 4.47730E-01, 8.33295E-01, 7.19587E-01, 4.56887E-01, 5.21264E-01, 2.42457E-01, 7.58608E-02, 3.91295E-01, 1.31082E-02, 8.67499E-01, 9.92616E-01, 7.08855E-01, 8.26715E-01, 8.91896E-01, 5.39411E-01, 5.55314E-01, 2.76440E-01, 6.59198E-01, 2.43435E-01, 2.88266E-01, 7.15781E-01, 7.27534E-01, 1.73043E-01, 3.06311E-01, 3.69907E-01, 7.77216E-02, 7.13150E-01, 5.50923E-01, 1.35865E-01, 9.74164E-01, 5.61963E-01))
