list(alpha=0.00000E+00, beta=0.00000E+00, tay.y=1.00000E+00)
