list(y= structure(.Data= c(3.20000E+01, 5.00000E+00, 3.90000E+01, 0.00000E+00, 3.90000E+01, 2.10000E+01, 1.40000E+01, 0.00000E+00, 8.10000E+01, 0.00000E+00, 1.90000E+01, 0.00000E+00, 7.00000E+00, 3.00000E+00, 4.00000E+01, 1.00000E+01, 3.30000E+01, 1.10000E+01, 6.00000E+00, 0.00000E+00, 1.00000E+01, 2.00000E+00, 6.00000E+00, 0.00000E+00, 4.00000E+01, 0.00000E+00, 3.00000E+00, 0.00000E+00, 3.60000E+01, 0.00000E+00, 4.00000E+01, 1.70000E+01, 6.00000E+00, 2.00000E+00, 3.00000E+00, 4.00000E+00, 1.70000E+01, 1.00000E+01, 2.10000E+01, 0.00000E+00, 3.50000E+01, 4.00000E+01, 1.00000E+00, 0.00000E+00, 3.80000E+01, 1.50000E+01, 1.00000E+01, 0.00000E+00, 4.10000E+01, 4.30000E+01, 4.00000E+00, 1.00000E+00, 1.00000E+00, 1.00000E+00, 0.00000E+00, 0.00000E+00, 3.00000E+00, 1.10000E+01, 6.00000E+00, 4.00000E+00, 2.10000E+01, 1.20000E+01, 1.50000E+01, 0.00000E+00, 7.00000E+00, 3.00000E+00, 6.60000E+01, 0.00000E+00, 4.00000E+01, 2.50000E+01, 6.00000E+00, 0.00000E+00, 2.20000E+01, 2.00000E+00, 6.00000E+00, 0.00000E+00, 3.10000E+01, 0.00000E+00, 2.40000E+01, 2.10000E+01, 5.30000E+01, 2.70000E+01, 0.00000E+00, 2.00000E+00, 6.20000E+01, 1.00000E+00, 2.30000E+01, 0.00000E+00, 3.20000E+01, 3.10000E+01, 1.40000E+01, 1.00000E+00, 1.80000E+01, 1.50000E+01, 8.00000E+00, 1.00000E+01, 6.00000E+01, 8.00000E+00, 5.00000E+00, 0.00000E+00, 7.20000E+01, 1.00000E+00, 1.00000E+00, 0.00000E+00, 5.30000E+01, 1.00000E+00, 7.00000E+00, 3.60000E+01, 2.20000E+01, 0.00000E+00, 5.00000E+00, 0.00000E+00, 5.80000E+01, 1.00000E+00, 1.00000E+00, 0.00000E+00, 1.80000E+01, 2.00000E+00, 1.50000E+01, 0.00000E+00, 4.00000E+00, 3.00000E+00, 2.00000E+00, 0.00000E+00, 0.00000E+00, 0.00000E+00, 4.00000E+00, 0.00000E+00, 3.10000E+01, 3.60000E+01, 3.10000E+01, 0.00000E+00, 6.00000E+01, 4.00000E+00, 1.80000E+01, 0.00000E+00, 3.90000E+01, 1.90000E+01, 3.60000E+01, 0.00000E+00, 1.30000E+01, 3.40000E+01, 1.40000E+01, 5.00000E+00, 8.00000E+00, 6.00000E+00, 3.00000E+00, 4.00000E+00, 3.50000E+01, 2.40000E+01, 1.70000E+01, 5.00000E+00, 4.60000E+01, 1.00000E+00, 8.00000E+00, 0.00000E+00, 1.20000E+01, 1.00000E+00, 2.00000E+01, 9.00000E+00, 3.60000E+01, 1.00000E+01, 4.20000E+01, 1.00000E+00, 5.10000E+01, 1.10000E+01, 3.50000E+01, 0.00000E+00, 5.40000E+01, 0.00000E+00, 1.90000E+01, 1.00000E+00, 3.00000E+00, 1.00000E+00, 0.00000E+00, 0.00000E+00, 8.00000E+00, 1.70000E+01, 2.50000E+01, 0.00000E+00, 3.90000E+01, 0.00000E+00, 3.40000E+01, 0.00000E+00, 4.40000E+01, 0.00000E+00, 0.00000E+00, 7.00000E+00, 2.20000E+01, 1.00000E+00, 4.00000E+00, 2.00000E+00, 2.00000E+00, 3.00000E+00, 0.00000E+00, 0.00000E+00, 4.00000E+00, 0.00000E+00, 0.00000E+00, 0.00000E+00, 3.80000E+01, 9.00000E+00, 1.00000E+01, 1.00000E+00, 3.70000E+01, 1.10000E+01, 8.00000E+00, 0.00000E+00, 1.00000E+01, 2.20000E+01, 8.00000E+00, 1.70000E+01, 8.00000E+00, 1.00000E+00, 1.20000E+01, 0.00000E+00, 2.80000E+01, 2.10000E+01, 2.40000E+01, 0.00000E+00, 4.20000E+01, 4.00000E+00, 2.00000E+00, 1.20000E+01, 4.40000E+01, 9.00000E+00, 2.90000E+01, 2.00000E+00, 4.00000E+01, 1.30000E+01, 2.90000E+01, 0.00000E+00, 4.00000E+01, 1.00000E+00, 3.90000E+01, 1.00000E+00, 1.00000E+00, 0.00000E+00, 0.00000E+00, 0.00000E+00, 6.00000E+01, 1.10000E+01, 1.00000E+01, 0.00000E+00, 4.10000E+01, 2.70000E+01, 2.00000E+00, 0.00000E+00, 2.00000E+01, 1.80000E+01, 0.00000E+00, 0.00000E+00, 1.60000E+01, 1.00000E+00, 0.00000E+00, 2.00000E+00, 4.70000E+01, 2.00000E+00, 1.60000E+01, 0.00000E+00, 1.80000E+01, 1.10000E+01, 3.00000E+00, 1.40000E+01, 2.30000E+01, 2.40000E+01, 4.00000E+00, 2.00000E+00, 4.00000E+00, 3.00000E+00, 0.00000E+00, 0.00000E+00, 5.20000E+01, 0.00000E+00, 1.60000E+01, 0.00000E+00, 2.50000E+01, 1.00000E+00, 1.00000E+00, 0.00000E+00, 8.00000E+00, 1.00000E+00, 8.10000E+01, 0.00000E+00, 7.30000E+01, 7.00000E+00, 0.00000E+00, 0.00000E+00, 3.30000E+01, 1.90000E+01, 0.00000E+00, 9.00000E+00, 1.10000E+01, 6.00000E+00, 1.30000E+01, 0.00000E+00, 1.00000E+01, 0.00000E+00, 0.00000E+00, 0.00000E+00, 9.00000E+00, 5.00000E+00, 0.00000E+00, 4.00000E+00, 2.80000E+01, 3.00000E+00, 0.00000E+00, 1.30000E+01, 1.50000E+01, 0.00000E+00, 1.70000E+01, 0.00000E+00, 6.00000E+00, 0.00000E+00, 2.00000E+00, 0.00000E+00, 8.30000E+01, 0.00000E+00, 1.00000E+00, 9.00000E+00, 3.90000E+01, 0.00000E+00, 4.50000E+01, 0.00000E+00, 1.60000E+01, 1.60000E+01, 9.00000E+00, 0.00000E+00, 2.60000E+01, 0.00000E+00, 9.00000E+00, 7.00000E+00, 4.30000E+01, 0.00000E+00, 0.00000E+00, 0.00000E+00, 3.70000E+01, 1.00000E+00, 2.40000E+01, 1.10000E+01, 5.30000E+01, 8.00000E+00, 2.20000E+01, 8.00000E+00, 3.10000E+01, 2.80000E+01, 6.00000E+00, 4.00000E+00, 3.40000E+01, 1.50000E+01, 4.60000E+01, 0.00000E+00, 1.00000E+00, 0.00000E+00, 1.10000E+01, 1.00000E+00, 3.00000E+01, 4.20000E+01, 2.20000E+01, 0.00000E+00, 7.00000E+00, 1.20000E+01, 0.00000E+00, 0.00000E+00, 3.80000E+01, 4.30000E+01, 7.00000E+00, 0.00000E+00, 2.00000E+00, 3.50000E+01, 3.10000E+01, 3.00000E+00, 5.30000E+01, 1.50000E+01, 3.00000E+00, 0.00000E+00, 4.00000E+00, 1.00000E+01, 8.00000E+00, 3.00000E+00, 9.00000E+00, 5.60000E+01, 7.00000E+00, 0.00000E+00, 3.00000E+00, 6.00000E+00, 1.00000E+01, 0.00000E+00, 8.00000E+00, 0.00000E+00, 2.00000E+00, 0.00000E+00, 5.40000E+01, 1.60000E+01, 3.00000E+00, 0.00000E+00, 3.00000E+00, 0.00000E+00, 0.00000E+00, 0.00000E+00), .Dim=c(100, 4)), N=1.00000E+02, J=4.00000E+00)
