list(q=c(2.50000E-01, 2.50000E-01, 2.50000E-01, 2.50000E-01), w=1.00000E+00)
